4.6 48698 3 3.84
6.5 51936 3.6 7.19
6.3 48210 4.16 5.54
6.7 45857 4.4 2.52
8.4 23325 6 2.11
12.1 13441 4.58 1.71
15.3 19679 2.5 1.13
3.3 55938 3 2.57
6.9 35638 7 4.53
7 47261 2.5 3.35
8 42026 2.6 5.98
3.4 50922 4.5 8
13.9 27287 3.4 4.21
3.9 31008 6.5 6.75
3.5 52280 4.5 2.91
6.9 6118 4.35 0.53
6.49 11445 1.66 1.2
5.2 89689 3.7 2.96
5.2 38341 2.5 2.95
9.2 38992 2.9 3.18
2.8 41380 0.2 13.05
7.9 29932 6 5.57
11.3 36732 8 6.56
5.5 110261 3.6 4.51
4.2 17888 6.24 1.38
3.1 54210 3.4 3.32
3.4 42404 4.9 2.57
4.2 63586 3.5 3.6
5.6 32238 6.8 6.62
6.1 32181 1.8 3.39
7.1 30330 4.6 5.82
7.1 36548 3 4.5
14.57 36215 5.5 2.97
8.2 50683 2.5 2.22
2.5 68393 1.2 4.53
11.5 28385 19.89 2.81
4.5 41627 3.1 2.54
4.6 60236 6.2 2.77